-2.022786209300434512e-01 1.978471934081177608e+00
-5.219489853537233603e-01 1.215718944918244393e+00
-4.867797416092811691e-01 1.765084156946239213e+00
-1.338799702018765858e-01 1.451187530119471436e+00
-6.453340956661011152e-01 1.226927424254025123e+00
-7.265202475225353007e-01 1.229124181616775058e+00
-8.300431255935210029e-01 1.279605052526981535e+00
-6.199375765480016343e-01 1.130928838190067065e+00
-2.502144095656481104e-01 1.958232435040215158e+00
-8.095357637917477422e-01 1.990129311276192414e+00
-5.402687158246536336e-01 1.982282940575306407e+00
-6.566775369432930054e-01 1.466911117303413281e+00
-5.071762036542224461e-01 1.684752984725021552e+00
-8.644983295396663214e-01 1.017137360971228643e+00
-8.847619210306967297e-01 1.586369789435601918e+00
-4.102107697327905811e-02 1.512331329335409258e+00
-2.925340908360335446e-01 1.182906765730473264e+00
-3.015081630848085448e-01 1.020397778757882179e+00
-6.177022967401140097e-01 1.950812192765288389e+00
-2.112410184413655578e-01 1.872038630393589198e+00
-1.243160393429287858e-01 1.198920589185157315e+00
-6.355281601425959437e-01 1.082509265412216592e+00
-9.934531128531026711e-01 1.125559996829299525e+00
-8.223582026467032291e-01 1.401312085750892500e+00
-6.305145157009881540e-01 1.048448045138330897e+00
-5.228695568959230711e-01 1.498189658808267044e+00
-7.679460841859532261e-01 1.339011184754773209e+00
-5.693837061660439458e-01 1.758580796528303125e+00
-8.333916442022659687e-01 1.427803256935092691e+00
-1.476251666151980890e-01 1.539751755665990540e+00
-7.240265803819677659e-01 1.806342309641236099e+00
-1.703623361977059103e-01 1.136263586721383945e+00
-3.112046870420304145e-02 1.450494305241119664e+00
-3.947766804775106886e-01 1.479454763348078572e+00
-9.086144674031296775e-01 1.876390181332805440e+00
-1.124182635288707433e-01 1.685831978252356533e+00
-5.181882507199622179e-01 1.716357136671440298e+00
-9.406860987263013785e-01 1.093936216961134633e+00
-6.347282436010488471e-01 1.360438457553225344e+00
-5.923247629133064907e-01 1.381683597474203440e+00
-9.550370977069810863e-02 1.789027468649605268e+00
-5.481989897468478867e-01 1.676686166328990479e+00
-5.134060414109490322e-01 1.936778333629460391e+00
-4.648287463236937533e-01 1.552392212504930757e+00
-9.691219734448593970e-01 1.375679132886118872e+00
-6.191091417280035758e-01 1.203822824587983398e+00
-8.249422200963364427e-01 1.086156833415341749e+00
-6.492478309192644126e-01 1.911629742128030385e+00
-4.885233564012649854e-01 1.723265974209206242e+00
-3.086970230408598859e-01 1.507044024989090403e+00
-5.382360714967193704e-01 1.890976441578533507e+00
-5.807248877681041588e-01 1.837722331252950703e+00
-8.623201568234276637e-01 1.221662117252332758e+00
-1.846081720061609754e-02 1.131944065000490607e+00
-9.122522951247775680e-01 1.839369925542505779e+00
-4.939636366661582789e-01 1.831538334310005123e+00
-4.344208973735167456e-01 1.810407627621201110e+00
-6.513370541073945086e-01 1.713164145022715967e+00
-3.168530444456753026e-01 1.975345758612431446e+00
-1.284074181151958483e-01 1.738317658438436331e+00
-3.913509733219842079e-01 1.498295620128939021e+00
-4.672728672226289515e-02 1.335019208609964370e+00
-6.202388115993209272e-01 1.862192129253099182e+00
-7.060243012002732632e-01 1.396354822519714212e+00
-9.979568745794853424e-01 1.617692978787276026e+00
-9.899821512496013165e-01 1.196580085894893841e+00
-1.367431046603133638e-01 1.042342628004218952e+00
-2.019029736672662834e-01 1.711682390005695442e+00
-3.756643311894309889e-01 1.134934099490555459e+00
-7.875753900718113210e-01 1.759188752606338335e+00
-5.682191803145697495e-02 1.991850204537373159e+00
-1.312980414825909437e-01 1.850868721385988014e+00
-5.139050786998777820e-01 1.509296766996630845e+00
-2.871306111354290369e-01 1.135946648277669446e+00
-6.085692166561859073e-01 1.086120247133947281e+00
-6.333940240772034658e-01 1.353033791661472307e+00
-7.028708352184729335e-01 1.314857069334758766e+00
-8.619394524234376131e-01 1.561238411878581811e+00
-7.977388320439994240e-01 1.747444335012754202e+00
-6.935951353506430994e-01 1.451502858556569464e+00
-4.055345291719192335e-01 1.543956570728322486e+00
-2.801273212791087763e-01 1.766899558804642112e+00
-9.646020121755342069e-01 1.727500970109279166e+00
-2.688191070011011208e-01 1.862688826240312956e+00
-8.389020301535775603e-01 1.817520511560529073e+00
-6.801503730902946909e-01 1.749925609756053380e+00
-4.482966225506826996e-01 1.577098845563603469e+00
-5.683601525061960924e-01 1.021440294055395270e+00
-5.264593917445724580e-01 1.954214104990125600e+00
-6.824515292562514102e-01 1.721920003303158087e+00
-3.963416996699482553e-01 1.485404576242559838e+00
-2.646195932263071260e-01 1.835731017584616875e+00
-1.132864449685666575e-02 1.774929780201077945e+00
-9.323359139230451564e-01 1.331598278731615626e+00
-1.153777882095765595e-01 1.341915050588298186e+00
-1.244412112654416092e-01 1.540428105319467722e+00
-1.776989557763664074e-02 1.052288430987402101e+00
-4.573386730683777213e-01 1.523928997925390272e+00
-9.273364978110983925e-01 1.231423870258589792e+00
-2.832836037363474224e-01 1.038273116072842006e+00
-2.251741239777119707e-01 1.972979835787521896e+00
-9.376549255345995038e-01 1.192968607380921586e+00
-7.966235632443346981e-01 1.707561049128971664e+00
-6.339235066000004082e-02 1.228410041330558311e+00
-7.912389412880319606e-01 1.425285396085293144e+00
-6.898360127293012845e-01 1.220034240272004800e+00
-6.362841027589982712e-01 1.357758213298563277e+00
-4.619958016769698528e-01 1.110888573155313086e+00
-8.330231256697249176e-01 1.061341497431876224e+00
-4.411600401125282955e-01 1.192631100681139422e+00
-6.522708407345310100e-01 1.587611231926214117e+00
-4.216091221742268580e-01 1.705108459351816874e+00
-4.718607775770827795e-01 1.364907283728057141e+00
-1.746217296334240388e-01 1.595570221844409886e+00
-3.304108896558092257e-01 1.532193219031644071e+00
-5.043299592635845929e-01 1.935833948877388133e+00
-4.316619887697756841e-01 1.169560810954295649e+00
-9.917732392637884642e-01 1.684565371934817701e+00
-3.513171465966391516e-02 1.415278369707444250e+00
-2.026660659925627606e-02 1.532772613263177597e+00
-6.017757526313015637e-01 1.432204841621068869e+00
-5.712482637706197686e-01 1.308432581313426990e+00
-2.345264903247100685e-01 1.493305850338838558e+00
-6.066803373528909527e-01 1.398933402525709191e+00
-2.318586517146741244e-01 1.374501663920976835e+00
-1.262129286691054952e-01 1.612123000143310669e+00
-2.390215253810591411e-01 1.639797950097993562e+00
-6.734164930263314419e-01 1.590022981156843596e+00
-9.428963330156403533e-02 1.006129277212932660e+00
-4.570750468068871530e-01 1.521563988403510592e+00
-6.015739519991575301e-01 1.134506591777781237e+00
-3.585047060254094031e-01 1.221533443640685945e+00
-6.776402235967048382e-01 1.538046360055254080e+00
-5.567624299750419947e-01 1.793689489736820075e+00
-3.461534965550997489e-01 1.055097326894230303e+00
-7.901756692307717600e-01 1.272599230653540969e+00
-3.920950383556491836e-01 1.224251494008572916e+00
-9.986367490580824180e-01 1.658061621411355269e+00
-7.035914750929760375e-01 1.478900013366682309e+00
-8.461592255836567489e-01 1.932796868531954537e+00
-6.587975635372088634e-01 1.873381883280260674e+00
-8.878175184572894008e-01 1.811070413984568805e+00
-1.073805095544759780e-01 1.832327208075258174e+00
-7.402489515718607693e-01 1.734459804255737314e+00
-7.145695862874501536e-02 1.617885152916364255e+00
-9.456483983026191531e-01 1.041397087784934561e+00
-5.817211455836426293e-01 1.832135102347956401e+00
-9.269410400184292520e-01 1.958654131662894926e+00
-3.776985460474692191e-01 1.711974747064291869e+00
-2.338448712104216343e-01 1.901500644153129693e+00
-6.698179154872951901e-01 1.039850037175351183e+00
-7.196303671720564177e-01 1.714443252143548202e+00
-6.769503042418505423e-01 1.747899996128709166e+00
-6.993454285448552632e-01 1.730580276059973777e+00
-6.790366714561042460e-01 1.123075399658685969e+00
-8.216505444468575892e-01 1.852954114716821810e+00
-6.271225134771467591e-01 1.855181160214042446e+00
-6.051314223093101630e-01 1.621459463339480767e+00
-8.569398025281328435e-01 1.247564791737911349e+00
-2.868400327573621400e-01 1.975014946875944366e+00
-2.798236970647861588e-01 1.669111349932951516e+00
-7.273714989777990692e-02 1.930804805513106182e+00
-4.493349035620364251e-01 1.030979790114515904e+00
-7.846712334141043854e-01 1.849099855497256417e+00
-8.633425313492145703e-01 1.340294044584960931e+00
-6.437281022570529032e-01 1.268487324172313802e+00
-4.533590230425605938e-01 1.876245078417686063e+00
-1.286291543513525815e-01 1.355877546393401856e+00
-1.622443669177061620e-01 1.094035721702173669e+00
-9.344152021348989257e-01 1.781664363824986941e+00
-1.943128542505835332e-01 1.804290821800836220e+00
-9.190900175305748432e-01 1.508051107950067582e+00
-2.405370209176247442e-01 1.669720093922974380e+00
-6.740232011305875570e-01 1.805363469564706946e+00
-3.357818761210465963e-01 1.208081183958170435e+00
-4.888406090580293961e-01 1.044254485855574455e+00
-7.269465329501763051e-01 1.556445351551666967e+00
-7.122826717352686021e-01 1.091473937467752897e+00
-8.559491016981510825e-01 1.933283542575237046e+00
-9.449400991847778375e-02 1.263914199365218316e+00
-2.887013573837334812e-01 1.053041690718971912e+00
-7.324939051317048699e-01 1.006036020871915238e+00
-2.754483051457483622e-01 1.243665835118164864e+00
-7.160766754645360166e-01 1.313461193366424862e+00
-1.399563961359731046e-01 1.186153866091898879e+00
-9.934533690810117834e-01 1.631755241233702414e+00
-8.330547365592148035e-01 1.219421908539082500e+00
-2.640462874841746910e-01 1.621861586869121297e+00
-1.731547487794946605e-01 1.736823556796607937e+00
-1.915759826833585144e-01 1.578481938946193930e+00
-8.809840303771433456e-01 1.511943510459579088e+00
-5.514442419265247475e-01 1.024424858364506807e+00
-3.000015932990252043e-01 1.018120645921549272e+00
-5.975036771147095305e-01 1.836702723275680516e+00
-5.131291654390042201e-01 1.576520666645651492e+00
-8.894486557237538671e-01 1.656688330002953791e+00
-7.612003831854996516e-02 1.285592800811279357e+00
-6.341149510637139608e-01 1.293284096523695137e+00
-5.655932734589101951e-01 1.493247460335560106e+00
-9.289056952153886826e-01 1.449609736185696107e+00
-7.653945427372795818e-01 1.359666050802507353e+00
-6.575019759783782280e-01 1.966045731174631328e+00
-9.968498937348743150e-01 1.764713221431851720e+00
-3.141915402122870127e-01 1.356615686132971899e+00
-8.034690983377140716e-01 1.647973843141359751e+00
-7.651452436455977724e-01 1.603380381153854950e+00
-9.246096650518573767e-01 1.259970102196646735e+00
-9.392961941898164691e-01 1.439199662891485598e+00
-7.144963766977385777e-01 1.663479503145755434e+00
-8.476231858129350538e-01 1.976266383486363409e+00
-5.537559625911936401e-02 1.633881058466169822e+00
-5.966221114911571810e-01 1.973674901095062939e+00
-6.385960463210689220e-01 1.463678423111757665e+00
-2.001759467073417342e-01 1.867939393450545271e+00
-4.922386573741688309e-01 1.476172765179407653e+00
-4.553329187783849985e-02 1.308546577611034101e+00
-8.635511808497096098e-01 1.215493698480601958e+00
-4.400809920000361419e-01 1.034140355976627568e+00
-1.887329283999281682e-01 1.043442517334395081e+00
-7.325662839584772268e-01 1.288074262972758177e+00
-8.879365321611643047e-01 1.194539433121480254e+00
-7.474795904567194116e-01 1.303793318570611204e+00
-5.340482447146566169e-02 1.731174896828419962e+00
-1.243673007694576782e-01 1.171476275712887150e+00
-3.473799346537143062e-02 1.791417647338284347e+00
-4.898881040239707607e-01 1.217272797137880280e+00
-2.152025214055363067e-01 1.098220029238126561e+00
-2.723301947729218631e-01 1.779210792814498898e+00
-4.759322619665111720e-01 1.693427689517127854e+00
-6.911026700208239282e-01 1.069246689155084251e+00
-9.962249627273574992e-01 1.168750255808971517e+00
-6.714211701164503054e-01 1.571547298012937688e+00
-1.992095642166503699e-01 1.387827698560569978e+00
-6.231502076378994115e-01 1.030748825992408912e+00
-1.101269557168044200e-01 1.886377667658924118e+00
-2.555787202337193031e-01 1.886129709375971686e+00
-7.696468146301316260e-01 1.866097635365828289e+00
-2.539813602219415101e-01 1.245603532265484814e+00
-8.450538338686807149e-01 1.292492170069886370e+00
-4.526524955469841682e-01 1.227539486899748677e+00
-6.589366989548117726e-02 1.688779971110642819e+00
-8.350853963708652072e-01 1.114443927482333674e+00
-7.998537574138164796e-01 1.145901756506153557e+00
-1.533513651207568662e-01 1.908503876725355264e+00
-7.046636713550252784e-01 1.307261331878524224e+00
-9.204078480739932289e-01 1.039008820464677019e+00
-4.342610412933390895e-01 1.110520674759882365e+00
-9.901126789750014368e-01 1.375141690012899875e+00
-4.276695543846790182e-01 1.421421271629680572e+00
-9.981978341654028641e-01 1.346710863473637998e+00
-3.453597379401079914e-01 1.884946741977814533e+00
-3.583806129750013447e-01 1.797700750887155197e+00
-1.047784818940239449e-01 1.841518454280425265e+00
-9.348778037589907663e-01 1.153829158044127112e+00
-8.611703962158987480e-01 1.572933382426076943e+00
-4.354937469489317259e-01 1.392310169599620950e+00
-1.532078377016268256e-01 1.434397580939120953e+00
-6.249429286766693403e-01 1.568706160482549183e+00
-2.154832283966657824e-01 1.639127883813220166e+00
-1.613339741680143158e-01 1.588198155417380519e+00
-6.048890648626604749e-01 1.095964024771100886e+00
-6.075284861367350464e-01 1.226388680728840885e+00
-7.354451768655110300e-01 1.308813024584276619e+00
-7.339330297383869217e-01 1.810785100170796413e+00
-8.690634444650056079e-01 1.861701588010125086e+00
-4.969419636020919739e-01 1.910461797895228075e+00
-8.817493133781310055e-01 1.387859989990692711e+00
-2.243987725247664766e-02 1.771568744242711713e+00
-5.012212554055269775e-01 1.180239866694329898e+00
-4.976915082200085161e-01 1.369529687168985710e+00
-6.796991278462642949e-01 1.859420470892767074e+00
-5.283567419488599537e-02 1.542317586838611643e+00
-4.927145170594146029e-01 1.625403562386376066e+00
-7.273700311567721233e-01 1.441147291683506193e+00
-6.993201034010387840e-01 1.112993603199005310e+00
-5.144241611030295758e-01 1.354959897305213268e+00
-2.506272116121694982e-01 1.975848593513211071e+00
-1.885584922836955890e-01 1.794212253259730883e+00
-7.963412245104175557e-01 1.332074647682480961e+00
-9.429067082637029307e-01 1.368426586548476376e+00
-6.198077207030141533e-01 1.216244156334217008e+00
-9.412377706204730909e-01 1.068032352624977754e+00
-5.572309028875803705e-01 1.173734656758169681e+00
-4.122395605422086717e-01 1.761560227136291346e+00
-9.372637679959422430e-01 1.265385442417882533e+00
-9.378465687145582930e-01 1.194435933199232691e+00
-4.229085520522195552e-01 1.459841887259685445e+00
-8.068542630780817237e-02 1.614064815688745380e+00
-4.288052670670752242e-01 1.667450898529710290e+00
-6.467901870667965847e-01 1.991005786182255655e+00
-5.015178312389111381e-01 1.161849870793795425e+00
-2.716905420373505464e-02 1.032055908520723708e+00
-6.516914695616442543e-01 1.749886211407165382e+00
-1.503957428265736418e-01 1.295243204064970843e+00
-2.280879931713253317e-01 1.528026924323664826e+00
-1.510074411573377740e-01 1.593099546231792285e+00
-9.404683900370782723e-01 1.563201570409600727e+00
-5.614107417343364714e-01 1.593952361324483480e+00
-5.349589876183890036e-01 1.469014527207163967e+00
-2.570640498280107877e-01 1.569550259434488559e+00
-7.631912285293953602e-01 1.686611946788536986e+00
-6.348505804550464982e-01 1.084258362743163007e+00
-6.224605432766584512e-01 1.928471372758270519e+00
-6.493845644229153669e-01 1.457633231671191076e+00
-2.525540536973935879e-01 1.603254863436265332e+00
-8.474167224231881068e-01 1.250731027686351471e+00
-1.896416779439070721e-01 1.283076286538690658e+00
-4.277735676369587292e-02 1.279326979727280600e+00
-5.184185868701884914e-01 1.768854647199479935e+00
-4.434563859809896869e-01 1.970520460911329153e+00
-8.964565980349733509e-01 1.708714745095935905e+00
-9.987617458398562187e-01 1.201252119258656048e+00
-3.151799036007115751e-01 1.907015316720681364e+00
-2.949045822303451025e-01 1.091687565170501140e+00
-3.103479034187412999e-01 1.954731082541195430e+00
-2.723072166355999801e-01 1.597500187486403433e+00
-5.510229624106837143e-01 1.877480953852973311e+00
-8.749262344638818467e-01 1.583257910557089865e+00
-2.539814573946354015e-01 1.802882717257239253e+00
-7.810569571904051323e-01 1.220255806765676354e+00
-3.915648214628886237e-01 1.221000706390050983e+00
-8.933807768542394445e-01 1.160670643813501712e+00
-9.191159911299435770e-01 1.463529384289698587e+00
-2.493004727144393362e-01 1.448923905613826335e+00
-9.786108394154811041e-01 1.848796828804307957e+00
-9.436466317475736831e-01 1.626253018953477181e+00
-6.051219893749988366e-01 1.176740071264585463e+00
-3.878310466522282285e-01 1.858215131597427128e+00
-7.473789200788628628e-01 1.805979031810162283e+00
-6.949412807572267203e-01 1.811259540710594695e+00
-5.712843657297533850e-01 1.901050838638126184e+00
-4.605833339837122065e-01 1.559484089339013835e+00
-7.060125375220311916e-01 1.991709686972008564e+00
-2.377652018717375526e-01 1.630958924329751314e+00
-3.876452171943455260e-01 1.551432038638763000e+00
-2.602608708339656518e-01 1.491340780746875705e+00
-8.082979598621991002e-01 1.606500784481994515e+00
-6.423322543671834417e-01 1.254589006228788328e+00
-4.721519386281003428e-01 1.129508769217748565e+00
-7.935189688571138156e-01 1.694032223214861244e+00
-2.067850768351867652e-01 1.332456982543020585e+00
-4.574453522702860431e-01 1.136797784122114852e+00
-8.505315813751784804e-01 1.511353223493453246e+00
-9.596801317583993907e-01 1.432429557423169131e+00
-7.546421646617758050e-01 1.298382258334507267e+00
-6.378217462904774981e-01 1.308802490674372043e+00
-3.550708050301824015e-01 1.166889515713615433e+00
-2.214671775912679941e-01 1.650351311820799083e+00
-4.957666354691786514e-01 1.752177495468272950e+00
-4.936988489856790618e-01 1.865971815724000393e+00
-4.975574266595006456e-03 1.551488349375131914e+00
-9.574049742763980353e-01 1.171136780903459851e+00
-2.867811175410455160e-01 1.863878833516707134e+00
-1.313631363046453560e-01 1.057959202544803468e+00
-9.001057184980216785e-01 1.481364863372355511e+00
-2.375124894135671738e-02 1.802326675227631902e+00
-4.043566789033692377e-02 1.690310894674243780e+00
-7.212830083497553391e-01 1.505205857330621289e+00
-4.337523084704038023e-01 1.612300201347729001e+00
-6.259496121723362450e-01 1.029658978947814330e+00
-8.838982657784977270e-02 1.857563350130773561e+00
-9.709678697754128285e-01 1.103584756727220784e+00
-8.799853959506739320e-01 1.779411599235934283e+00
-6.212818960927057876e-02 1.061502134167624511e+00
-6.213298741810215908e-01 1.950481163601315071e+00
-1.109753145828580312e-01 1.739732054688988505e+00
-4.938977264112747179e-01 1.643689767715298178e+00
-8.360995298721972668e-01 1.155883158927153209e+00
-6.411312508710963476e-01 1.473620677144561242e+00
-1.453830299742423504e-01 1.904890830465679752e+00
-6.144385002955609076e-01 1.580683606232955452e+00
-9.895774348429154932e-01 1.116954065229796900e+00
-5.298606495297288888e-01 1.078144784843968695e+00
-9.031236524396188958e-01 1.335773156027594721e+00
-4.814062247048712662e-01 1.516106370505506007e+00
-1.857327123198294627e-01 1.983402862980769843e+00
-9.903411393360147530e-01 1.173366564355124098e+00
-2.977976333863460168e-01 1.672258454483538159e+00
-8.012626269593093875e-01 1.086971943005279329e+00
-1.040622411688858495e-01 1.498178562428119864e+00
-6.303082164402821208e-01 1.004411030407342587e+00
-9.315415275306909715e-01 1.798699494768897900e+00
-5.104479386399923824e-01 1.236014804612475482e+00
-3.508653753430019950e-01 1.187330195902256857e+00
-1.253215773562231794e-01 1.393258481124683978e+00
-8.226023507982642702e-01 1.907181557844408903e+00
-5.701150585730970777e-01 1.819912917350604342e+00
-6.398883738697932477e-01 1.349078238269179053e+00
-7.040069431083741947e-01 1.767313590968306869e+00
-6.838648846144180782e-01 1.797987789318710394e+00
-6.457866437685800820e-01 1.092868069587410673e+00
-4.214171476607286859e-01 1.630866535990780353e+00
-5.432858237625348696e-01 1.298020634643984650e+00
-2.358334500453673765e-02 1.044554824818114902e+00
-9.168028066976492418e-01 1.374857642646399425e+00
-1.622806199488135981e-02 1.223070962505532489e+00
-9.192120104713839002e-01 1.805829497851320298e+00
-2.971755853165573003e-01 1.929601092132387841e+00
-4.442697209128900759e-01 1.242643741808026059e+00
-7.090255733641597224e-01 1.559490147298158824e+00
-1.829366778454137865e-01 1.593488619650054616e+00
-9.898780237477334820e-01 1.585728926299726949e+00
-1.105603972256673506e-01 1.391823517886075390e+00
-6.465769012243860470e-01 1.819302134786005665e+00
-2.640892767929170493e-01 1.753691230061106054e+00
-7.196819138208515598e-01 1.292957793892393736e+00
-7.696937588041766753e-01 1.973328335212011897e+00
-3.675051706146164054e-01 1.305513793249103216e+00
-8.264041101119534716e-01 1.603392098373435992e+00
-4.708707761921837598e-02 1.371474020400664351e+00
-6.306971448831444338e-01 1.886076041733013131e+00
-8.150308134786010683e-03 1.206227205798342972e+00
-5.707042958239884056e-01 1.007855783115740422e+00
-3.187398410003349225e-01 1.234415804332156474e+00
-9.401228833306799482e-01 1.377758240667732004e+00
-5.608801102436800079e-01 1.026286810026142637e+00
-5.076315557951808222e-01 1.561683624806295079e+00
-7.170611068673584665e-01 1.742563093007773789e+00
-4.980790592520839555e-01 1.685389579049201281e+00
-4.848014653922264605e-01 1.979714358494225834e+00
-6.499833790343592099e-01 1.755861146064176204e+00
-6.138240380373238825e-01 1.587737217021508940e+00
-3.391981326540878250e-01 1.042348485217515996e+00
-8.401929266580927536e-01 1.866786665117521338e+00
-7.033109175666698576e-01 1.597391832804929024e+00
-7.342408797098020079e-01 1.816743800536577247e+00
-9.440732756953590377e-01 1.877867310931656375e+00
-6.581779077998122229e-01 1.658122420725771651e+00
-8.579226680865974508e-01 1.205008988102527212e+00
-3.019542549961489186e-01 1.005066487379547180e+00
-8.870424171446011918e-01 1.327411130752660151e+00
-1.458654368318732519e-01 1.673924126372593468e+00
-4.634304695641787708e-01 1.390663743335920355e+00
-4.495276660203765262e-01 1.361046982737990962e+00
-6.418672819420162545e-01 1.221958881301467681e+00
-2.046913663413004736e-01 1.603234016533916950e+00
-2.154933419276509055e-01 1.928152560917937297e+00
-8.412374944826328527e-02 1.257134998292171790e+00
-6.696944238282509509e-01 1.582446265787532003e+00
-7.571896436461813540e-01 1.436780919259537548e+00
-8.051237927257047788e-01 1.260009342266882104e+00
-9.735017003672938873e-01 1.938288965331751434e+00
-2.655682685988594027e-01 1.145416666209300161e+00
-9.497712247764577009e-01 1.724306932088803368e+00
-3.233287632049622884e-01 1.635241305992914285e+00
-6.678783081051324899e-01 1.590448513946929765e+00
-6.754495118561414380e-01 1.574116313008989909e+00
-1.500509072499507379e-01 1.473660507558622657e+00
-2.362467217885385606e-01 1.704151798097409021e+00
-2.047153381434891894e-01 1.334231013008787770e+00
-5.069815623501550128e-02 1.272419973260523918e+00
-5.991892813636852111e-01 1.075927345440796490e+00
-2.324110748694302453e-01 1.012002394060090182e+00
-7.135362735757823094e-01 1.772705794264543222e+00
-3.443819953838642700e-01 1.586800167084753799e+00
-7.300664106132136455e-01 1.391950723381663035e+00
-4.974070120674449758e-01 1.654342597798109882e+00
-2.434163107836242457e-01 1.486138012619569126e+00
-9.719801363588498333e-02 1.064625674357491114e+00
-2.298957766571763095e-02 1.330028400925226562e+00
-9.050376614661446162e-01 1.659474959322776666e+00
-2.304382163224483193e-01 1.248743084289072769e+00
-6.876998268066325526e-01 1.446053290945886971e+00
-5.888557255338946472e-01 1.778036954654107049e+00
-4.924370230647368007e-02 1.417063925453626361e+00
-9.039072314328105984e-01 1.954466987493116648e+00
-3.353904071055546776e-01 1.869861254074509205e+00
-5.645727610538563424e-01 1.032650597801948233e+00
-5.517286008056181412e-01 1.139814256332168485e+00
-2.529163069447848411e-02 1.926417641266265024e+00
-1.791692813626610814e-01 1.723527988204230477e+00
-7.385688511481609542e-01 1.391226890040130115e+00
-8.687172834804252064e-01 1.036594625315516716e+00
-2.628695673036404168e-01 1.453306583482718128e+00
-2.856704531576643724e-01 1.828963957549997410e+00
-1.642450674423392432e-01 1.695766774195001769e+00
-1.658416674085486653e-01 1.565245695024979788e+00
-4.300481074193639452e-01 1.596805716544096310e+00
-2.194927734200705638e-01 1.153090234230757405e+00
-7.933524264679693294e-01 1.073472234168729500e+00
-1.601157292152832756e-01 1.954275034805723177e+00
-5.680927254913122892e-01 1.012880747389288238e+00
-1.687374435383576232e-01 1.946076003485129435e+00
-5.467048132121586912e-01 1.549461413746895611e+00
-3.571585670139891810e-01 1.625994929270212275e+00
-3.592401536440467114e-01 1.963205868101713492e+00
-2.253036465822091383e-01 1.323546693039010513e+00
-5.199976016044566274e-01 1.232370246063777319e+00
-9.632504889181270347e-01 1.018544839155647974e+00
-3.556597079822234608e-01 1.008852114176098880e+00
-6.068134287322168863e-01 1.197565593407194928e+00
-2.163297009588255326e-01 1.848868437801219677e+00
-3.098870536855927726e-01 1.172582560332313228e+00
-5.943511549749990186e-01 1.379956850868101270e+00
-3.168851310547335931e-01 1.630040167073568469e+00
-5.623506389853388798e-01 1.772961161828110477e+00
-1.770707491879713880e-01 1.424690876058212652e+00
-3.693196774324807308e-01 1.695423851054838282e+00
-4.761548297486902781e-01 1.768589856263911297e+00
-5.755097294732569591e-02 1.172945979593445598e+00
1.611825523558716444e+00 -2.405393872499203001e-01
1.582123041495420379e+00 -1.337477372838553613e-01
1.330245173867005137e+00 -9.580367173720072405e-02
1.488822230979021999e+00 -8.670082950917334941e-01
1.749469316118806184e+00 -2.210392106616566599e-01
1.684516749083032172e+00 -1.657677823834700082e-01
1.356459476253247365e+00 -1.190315878979919528e-01
1.431622961257433158e+00 -2.011090600714883214e-01
1.747820927340578034e+00 -3.514468273937563225e-01
1.115208767283412783e+00 -5.180012677079015582e-01
1.793392197448770098e+00 -5.610970169981077671e-02
1.700667915274501230e+00 -3.282342974535792379e-01
1.919392342562577625e+00 -5.359057390423029865e-01
1.790616115730942592e+00 -6.968199393064652414e-01
1.897485053389138532e+00 -2.967799154229946446e-01
1.601105939367274633e+00 -3.190318594682669540e-01
1.734063954709164523e+00 -3.192468530564344098e-01
1.010119095727239458e+00 -6.585219348121451599e-02
1.868776735217684282e+00 -1.049568286324165101e-01
1.851316773284183759e+00 -4.000118168379810379e-01
1.312511568538824225e+00 -3.619203341502508220e-01
1.623069189209183083e+00 -5.992014976950519323e-01
1.635149145428862028e+00 -9.135452056407689092e-02
1.651136641718625953e+00 -7.383030276848289164e-01
1.921741534077755720e+00 -7.058572866977089744e-01
1.421639048514060422e+00 -3.939772173949228629e-01
1.193338151592214125e+00 -7.400654817490429638e-01
1.188469618881256462e+00 -1.486862579443111176e-01
1.746437394214465977e+00 -4.434944144499413099e-01
1.037234103613020375e+00 -6.749912557612562924e-01
1.722399136778162365e+00 -3.609708040003670737e-01
1.994058553121232258e+00 -3.288808970516535757e-01
1.002350028839770424e+00 -5.492072937827731094e-01
1.751741392114096962e+00 -4.948497290958794315e-01
1.788204748313393377e+00 -1.747736587796447916e-01
1.416907096082517858e+00 -1.213566508616491513e-01
1.039472278052978815e+00 -8.274471171339023989e-01
1.656547386690554458e+00 -5.859554956967253370e-01
1.401362021662559743e+00 -4.377848501609947762e-01
1.791528375821092034e+00 -2.903695591076009830e-01
1.386864379558297333e+00 -2.731709388132118610e-01
1.321839919414592668e+00 -9.245228500322758558e-01
1.019206718650893961e+00 -1.193714660044117304e-01
1.593433853570916714e+00 -8.153964127867598943e-01
1.541903459191054093e+00 -5.472566235806503032e-01
1.803753740809160622e+00 -5.682177159220613838e-01
1.994676573995006752e+00 -6.255581651960172573e-01
1.933573789757094374e+00 -2.888995613258948936e-01
1.589513347552991451e+00 -8.767489409349789042e-01
1.249978436010010352e+00 -9.109450970044619122e-02
1.369390747621224591e+00 -8.559219688066007636e-01
1.619403255781031170e+00 -3.920212978171743190e-01
1.594582814059059883e+00 -9.674735255263351430e-01
1.710044859249155280e+00 -6.846376543592176400e-01
1.060261298328760926e+00 -8.859106085308107170e-01
1.920797302206687540e+00 -8.550831291823209890e-01
1.177339909832226139e+00 -7.348134272201404249e-01
1.691344439851976800e+00 -4.964285915485963097e-01
1.157330528934602532e+00 -2.570458266332396047e-01
1.476800358007124947e+00 -8.393186743647638171e-01
1.269660061790137462e+00 -2.510447470778975898e-02
1.740904470575548979e+00 -7.291675868176036301e-01
1.287167443723716609e+00 -6.851588831441721705e-01
1.202456327900420341e+00 -1.613214636931237234e-01
1.649292075034322957e+00 -1.977003307879758864e-01
1.393421006037193433e+00 -3.195850611198117752e-01
1.602200167474969739e+00 -4.075339566363238575e-01
1.746011547534739528e+00 -9.022029753446498823e-01
1.029529576513676492e+00 -7.396550126315587503e-01
1.989791289525206341e+00 -8.862631455873392072e-01
1.572629430448597709e+00 -1.203989190347596328e-01
1.043721198149487606e+00 -1.504569503782846596e-01
1.082752913208631096e+00 -9.529079057733457203e-01
1.447971601971922651e+00 -6.636154895232725393e-01
1.565137145803137120e+00 -7.210119592218257045e-01
1.219875959616580907e+00 -2.732161728707254156e-01
1.627231367205532520e+00 -6.283024527326034336e-01
1.979708946540692738e+00 -3.960128153298607678e-01
1.560970150143394797e+00 -3.332145031548272573e-02
1.623154695314831031e+00 -3.733105345041868306e-01
1.613761733287845113e+00 -9.916611073753692773e-01
1.875235140501056552e+00 -3.108782533005743920e-01
1.513912741757049041e+00 -1.559656220862897236e-01
1.202920114631692572e+00 -3.456134076982531056e-02
1.854701385478810138e+00 -7.230583761062402415e-01
1.046484095102127032e+00 -1.921790633724884678e-03
1.365109016548780474e+00 -9.723233659322405575e-01
1.926691953802797341e+00 -3.705340509735441934e-01
1.275887053376585145e+00 -5.883392428495493043e-01
1.818676059648515864e+00 -9.088060262493073971e-01
1.267829266375148478e+00 -4.071672708591600465e-01
1.100821247193222163e+00 -8.017588499310063233e-01
1.144684043378824789e+00 -2.588167482812467890e-01
1.228465907106038646e+00 -5.347966402614213743e-01
1.552775263185228738e+00 -7.657901580302949318e-01
1.944525759475272064e+00 -6.421210138555857316e-01
1.718884341535468652e+00 -1.643590831127876850e-01
1.061414134334837334e+00 -2.371969136706497672e-02
1.575106311967238160e+00 -4.460522102470589889e-01
1.636504729211383680e+00 -8.215582108867585109e-01
1.843319304324080754e+00 -6.720155458354833966e-01
1.927784606565600356e+00 -5.961441228143655735e-01
1.159586035967697271e+00 -1.766555958793507575e-01
1.732347538809253740e+00 -5.482775923990876876e-01
1.223927938336402566e+00 -7.289489144947823851e-01
1.519813156278541300e+00 -6.157031305231357443e-01
1.845821446922507159e+00 -2.011518694018881170e-01
1.659620437226307699e+00 -9.991571269580948877e-01
1.681044821774639209e+00 -7.975344569607794032e-01
1.320437325949777918e+00 -3.574441550734455131e-01
1.958347193736494685e+00 -1.369273463021949411e-01
1.174170793973921656e+00 -7.978167541950655917e-01
1.088809991388172360e+00 -6.809671209701066985e-01
1.586185042001461820e+00 -1.049370278010647306e-01
1.422073092093719016e+00 -7.805004809170368318e-01
1.212429124207315745e+00 -1.518212795920786951e-01
1.500775921636012811e+00 -9.354920161121944577e-01
1.308446558900796752e+00 -9.610267733326793849e-02
1.959038269917205088e+00 -2.216829769875309220e-01
1.786698869572593829e+00 -7.216639622658060915e-04
1.685948095413580816e+00 -8.312860276649614022e-02
1.673733396022370368e+00 -1.649012950705281977e-01
1.427806172243718308e+00 -2.180156030938674716e-01
1.068856806864792119e+00 -8.801398061890863822e-01
1.078441053047306308e+00 -3.539251778861081110e-01
1.176557116121048185e+00 -4.253751960452637482e-01
1.437850090845831152e+00 -3.296422837457255728e-01
1.847578699364307742e+00 -6.390475290443514700e-01
1.899315460170226899e+00 -9.760545366950393875e-01
1.218305040235190706e+00 -9.099657575664708009e-01
1.853598107566978737e+00 -4.425977417601489883e-02
1.589469378622591300e+00 -7.881696279801156946e-01
1.748614123139671461e+00 -4.757437438248764972e-01
1.654154942677049656e+00 -6.142544177844249109e-01
1.808879966475464229e+00 -1.414258057142585567e-01
1.689490774924700789e+00 -3.952668443985809521e-01
1.772968419050547695e+00 -1.558478698904652848e-02
1.505396663167160476e+00 -2.131364651284722855e-01
1.400090448627204331e+00 -7.583576552828649175e-01
1.185181717003385149e+00 -4.928039008192456327e-01
1.714905789493457844e+00 -9.725601430151986637e-02
1.606507788798041458e+00 -8.541762510395425334e-01
1.423485696906367615e+00 -1.006185284129738067e-01
1.981066839211844233e+00 -3.117391124806666580e-01
1.384017112019280127e+00 -3.178914338618092916e-01
1.864517967262490750e+00 -3.129318386158643772e-01
1.191143982257550027e+00 -8.094972582253220361e-01
1.099438303570411612e+00 -5.812418887879480245e-01
1.338020758997175541e+00 -6.999104279542577300e-01
1.532222144188221336e+00 -7.671300188022717181e-01
1.341428796531405343e+00 -7.417495251583550164e-02
1.222279580054773662e+00 -8.954327973241943406e-01
1.416192832527378265e+00 -5.825205406450151280e-03
1.715805681541728411e+00 -9.073797572826014513e-01
1.128051761198073155e+00 -3.456916899775770435e-01
1.825716052929825750e+00 -2.107180570536655306e-01
1.633272354040431473e+00 -1.200310365336970664e-01
1.818205147338123329e+00 -1.837894159731069399e-01
1.712217211293742380e+00 -4.127062287651244166e-01
1.317517651605887519e+00 -8.467224044126003824e-01
1.671664692279610342e+00 -7.957089138511250770e-01
1.851400500279483108e+00 -3.090871110527451116e-01
1.262134363416131055e+00 -6.260279244015134470e-01
1.819376131519274242e+00 -1.492052561429136892e-01
1.893260266727833985e+00 -1.885060238001141641e-01
1.858111819528500908e+00 -2.148587239152233153e-03
1.589294274514906125e+00 -5.721312655344531484e-01
1.150697025903354653e+00 -6.973685085766150316e-01
1.666668400258707994e+00 -4.462904949245847241e-01
1.786310682178885001e+00 -7.614318471897862928e-03
1.750199621241545600e+00 -9.506774206553106898e-01
1.190597681808648556e+00 -6.814455827870425919e-01
1.467412923279924453e+00 -3.802754686758524905e-01
1.252708745654741218e+00 -8.800523308722296711e-01
1.029458795506651203e+00 -6.078713536379579674e-01
1.438765517982454334e+00 -2.474919741040836341e-01
1.862592878987707312e+00 -8.952006922430321145e-01
1.652411017638010016e+00 -5.861845658788202851e-01
1.275490778293155270e+00 -5.864387350061082138e-01
1.366563923511341816e+00 -5.242258416529950171e-01
1.170580305784717945e+00 -6.269957887506412142e-01
1.546367555605064892e+00 -5.907317945791213942e-01
1.450775997105272719e+00 -3.115514178958711522e-02
1.649587018049897935e+00 -6.736506811595707189e-01
1.782567067346270129e+00 -4.143133036119801549e-01
1.207111456650872494e+00 -9.333741686983296759e-01
1.668094191055983888e+00 -2.780638070345347046e-01
1.023931024536896661e+00 -7.726001362591129462e-01
1.603028493883250860e+00 -6.403353626816092881e-01
1.076308329048395240e+00 -2.731675461722058440e-01
1.560681798426476030e+00 -1.604086681548824167e-01
1.837296750696020720e+00 -4.750680333475876260e-01
1.251741028025011637e+00 -2.407796396375623260e-01
1.247484430627101792e+00 -4.579319683618459091e-01
1.245821050272911013e+00 -9.027297052802530919e-01
1.845321512265572839e+00 -1.599580845086777670e-01
1.293002153897412132e+00 -4.706682274778973829e-01
1.778583370397400554e+00 -4.783592145650474858e-01
1.271580875276782763e+00 -2.261729476195164512e-01
1.297988890719281141e+00 -5.649554133697520797e-01
1.654703013934191169e+00 -2.033581650876805647e-01
1.360217253358376954e+00 -5.181468477818150786e-01
1.188785763562485442e+00 -3.362144492249774519e-01
1.042750153033646043e+00 -4.600281172579013811e-01
1.710509301713165620e+00 -4.503627671089860396e-01
1.528719937420659258e+00 -4.124950653841958914e-01
1.395125232728336995e+00 -5.712175754663377791e-01
1.867134073079226297e+00 -7.694330927300778722e-01
1.039875749075382716e+00 -2.777271056608263677e-01
1.169615309102616241e+00 -8.861972944042824096e-01
1.555220180339776270e+00 -1.794592871105006315e-01
1.481141108878781809e+00 -1.479232035128662526e-01
1.939890218951870082e+00 -6.292081528352189146e-02
1.790729098384119533e+00 -5.814476791231801833e-01
1.127653490261225633e+00 -7.093456627146508264e-01
1.888325883093608937e+00 -3.759013309944522208e-01
1.492629683896399051e+00 -1.933616230709670480e-01
1.962503528295977961e+00 -2.753451215651894213e-01
1.616267486907128959e+00 -9.542031878042180892e-01
1.883357050909441943e+00 -1.422401317923486230e-01
1.756822962799221344e+00 -5.052219211216611994e-01
1.499554253057621800e+00 -4.692378261826462005e-01
1.343997916622091227e+00 -8.603649213149500152e-01
1.109244925020556050e+00 -4.379929157980566590e-01
1.728342785431698614e+00 -7.423183914466756628e-01
1.068197524298539758e+00 -5.346461775511457404e-02
1.592227765590374267e+00 -3.012125327774254346e-01
1.335140946470598777e+00 -3.878154741952876128e-01
1.431142767908955893e+00 -8.366644580899518235e-02
1.968327337139257338e+00 -1.045342576705222681e-01
1.178229376191518796e+00 -2.080468063196205808e-01
1.715755321520954668e+00 -2.530123089078295529e-03
1.124572070918012479e+00 -6.076663941063528140e-01
1.242048965956877193e+00 -4.699699676686437400e-01
1.903328112480670242e+00 -8.662192161123585255e-01
1.703627629430976675e+00 -9.534711107304957300e-01
1.647969144199817881e+00 -1.430848489843680182e-01
1.030608337264170560e+00 -8.392688868532527380e-01
1.708309934471590630e+00 -5.841493145435041612e-01
1.134778264651711499e+00 -8.833204299773994572e-01
1.010714204717410247e+00 -9.303233021447748774e-01
1.461421790195043702e+00 -3.565072859448615850e-01
1.314118356558737766e+00 -3.203162527282912286e-01
1.187945031631295389e+00 -7.102820763100698986e-01
1.087164824748459546e+00 -2.589451410716510082e-01
1.639591885830027573e+00 -8.847086252469802403e-01
1.658636462958363644e+00 -8.476670960855110515e-01
1.253072395391252591e+00 -4.999955613076008110e-01
1.997396096581839142e+00 -1.438978338496730291e-01
1.796431214099286633e+00 -2.363218373196268596e-01
1.114812059074564043e+00 -1.090155478316127136e-01
1.639738002173532161e+00 -9.292594164958268843e-01
1.298101514921075950e+00 -7.640993379301189714e-01
1.386268757988422307e+00 -1.236613415569578489e-01
1.460056742878090841e+00 -2.127660637055198700e-01
1.994945616645488418e+00 -2.885102058732237351e-01
1.863701354012569311e+00 -2.277824075012394589e-01
1.093796528663128598e+00 -7.948523906684595852e-01
1.285638081195060067e+00 -3.957243821954407048e-01
1.002547346172586673e+00 -3.700952041462417519e-01
1.071736318926462150e+00 -4.877830659653670242e-02
1.984331059090760796e+00 -2.811449251194719778e-01
1.070845570554847193e+00 -9.165857128140922905e-01
1.730287086307318978e+00 -8.878078572364870302e-01
1.499580751949471491e+00 -8.261507117706088366e-01
1.857467760051898065e+00 -8.640714256399432136e-01
1.247580261263080192e+00 -7.949466427629632292e-01
1.365718997533533319e+00 -5.855385470912966017e-02
1.473635815137612770e+00 -6.648212863688448548e-01
1.125101572169869169e+00 -2.410600197961624280e-01
1.469608926456966724e+00 -1.634834885698187579e-01
1.656316275541272809e+00 -2.527453581935277249e-01
1.268783965204966613e+00 -6.712248793127590929e-01
1.955199024821070442e+00 -4.799071189547899907e-01
1.841239240813322464e+00 -2.452120833380742049e-01
1.970294288696734064e+00 -7.003579905405538097e-01
1.489289847027102986e+00 -6.456648589431357443e-01
1.741051342690333126e+00 -3.821898085225312602e-01
1.040500156638402673e+00 -7.720143920134894255e-01
1.150965574337654562e+00 -4.395505615657828713e-01
1.347968485187314158e+00 -4.837199614134310988e-01
1.506162625356543883e+00 -4.864440579777170592e-01
1.704088771381121248e+00 -1.056067209072322211e-01
1.160123657224161775e+00 -4.559416617133836835e-01
1.972371293297904060e+00 -1.773489550802629378e-01
1.926824245407930292e+00 -4.069799809224898812e-01
1.986392298041070203e+00 -6.640048164308975931e-02
1.475273332357919909e+00 -6.505079315801132189e-03
1.160442031980286837e+00 -9.510961343853729932e-01
1.896042076801350396e+00 -3.366629418343425328e-02
1.748071910971035203e+00 -1.414107505211317228e-01
1.254154278465230643e+00 -7.411694559752090017e-01
1.465793095594385864e+00 -8.038946155041293284e-02
1.446766932444503162e+00 -5.779637489834049680e-01
1.111876624417097226e+00 -8.215971553388576876e-01
1.215216336076168080e+00 -3.915881614494208796e-01
1.100842645074427750e+00 -9.408149666285271495e-01
1.405106055346291516e+00 -9.797499911555078711e-01
1.294763549085141907e+00 -2.911942264377553879e-02
1.932299536506372206e+00 -9.768017558697627001e-01
1.217384001226125889e+00 -3.828018393069658742e-01
1.988183313235095007e+00 -8.845676689808468218e-02
1.201550225127717475e+00 -1.077932225169591085e-01
1.056613948672862513e+00 -4.548256848137115504e-01
1.123260880511892434e+00 -1.086196139601425248e-02
1.470782482647259304e+00 -6.495018115096522493e-01
1.484248605596315329e+00 -3.087923762322181132e-01
1.758161015002310146e+00 -8.106424501160695018e-01
1.633807232165989776e+00 -9.730067162815061454e-01
1.196058210482058737e+00 -5.105917796167251943e-01
1.629127994564466553e+00 -6.028325667531072574e-01
1.656368796854809977e+00 -5.049831912967347458e-01
1.480497806941193595e+00 -7.767689864694617974e-01
1.671692976139307341e+00 -7.906747477600227780e-01
1.916555930093380322e+00 -4.807265782924752262e-02
1.362885019285883903e+00 -5.817129531244147334e-01
1.071259076584925030e+00 -5.420807225045584099e-01
1.096485002889296734e+00 -6.191920061431599454e-02
1.085314132886556537e+00 -2.240174909027896621e-01
1.736804677227956395e+00 -7.871635772354526051e-01
1.367961960011767619e+00 -1.062333257183033508e-01
1.092878771384972802e+00 -8.441257341986626583e-01
1.915891433832245472e+00 -7.231359057269792778e-01
1.795767528919579359e+00 -4.193168637464359527e-01
1.149196017279832560e+00 -3.272211369721533814e-02
1.621096934634296272e+00 -6.392708072666704044e-01
1.096577160479900392e+00 -3.284548128329847216e-01
1.734144267249384308e+00 -5.877294636143692852e-01
1.075343549918027275e+00 -1.145773156110183599e-01
1.620497120211348951e+00 -5.835196777855153893e-01
1.872210181493538572e+00 -2.501168765703698504e-02
1.781297284718594387e+00 -7.393535717229000603e-01
1.997268223240270091e+00 -5.908605319904973729e-01
1.788784598924766822e+00 -5.930046558355992481e-01
1.661061635732454578e+00 -8.424421077318402507e-01
1.279297013069363942e+00 -5.958575862918181754e-01
1.026657026150783469e+00 -9.267866547973984126e-01
1.063615109151058835e+00 -7.900857367315211599e-01
1.796581404942704907e+00 -9.479284367551445989e-01
1.620701910897339060e+00 -3.834265271811910791e-01
1.849974360630564085e+00 -1.701707516473254245e-01
1.291286057310208513e+00 -7.753823023155581584e-01
1.805263628705705337e+00 -6.186628427518622297e-01
1.499409648195966227e+00 -3.407855504437775629e-01
1.373181886831857046e+00 -3.337799120404678632e-01
1.193064461238546148e+00 -4.307870830941418205e-01
1.219568291284974570e+00 -2.592268851415728825e-01
1.847449458804147682e+00 -1.756252648185782084e-01
1.431616801831382846e+00 -1.962717864485747921e-01
1.227393479613038352e+00 -9.524481009386601693e-01
1.072375363354603817e+00 -8.285351360235326812e-01
1.205645414288962769e+00 -3.485966595606626584e-05
1.057215076547887378e+00 -4.409384748046863978e-01
1.769082166174438919e+00 -9.343095562095248274e-01
1.220175270653280686e+00 -9.298790804017227352e-01
1.874801583766910529e+00 -7.603446558558136781e-01
1.015942144586361451e+00 -8.682385802287964083e-01
1.920719449706299153e+00 -5.256173586333421355e-01
1.432525392335230352e+00 -3.441062441421949281e-03
1.124371263024337653e+00 -1.281484888035270275e-01
1.559122899900624137e+00 -4.035901585743055797e-01
1.325049047897715049e+00 -8.495796309102112698e-01
1.869065450254463467e+00 -7.777233985037288466e-01
1.780878724797050339e+00 -3.206432387336595191e-01
1.768927502372909188e+00 -7.305794765468331953e-01
1.630750272381130905e+00 -9.128776337656993034e-01
1.470822468115041914e+00 -3.868114231951358395e-02
1.469636534754368284e+00 -9.943676314296795438e-01
1.326058849963201336e+00 -5.576997419707659942e-01
1.041874742519508068e+00 -8.300703735575362119e-01
1.234687291745486970e+00 -6.992311565651909699e-01
1.460327791261718300e+00 -1.333209321579981177e-01
1.431359574380119071e+00 -6.434350126748580312e-01
1.657210582155355993e+00 -1.321293043280619139e-01
1.016313753047474178e+00 -2.213084638475476540e-01
1.246246221705967994e+00 -8.308615934795067215e-01
1.484470483106195893e+00 -6.785473542125453061e-02
1.375265997220501024e+00 -8.808144302644888013e-01
1.263562396830099299e+00 -7.942718005693709671e-01
1.508340614442414296e+00 -7.123884031146636708e-01
1.841089967282100170e+00 -1.932059674166126673e-01
1.824813167724570029e+00 -8.167518802888213969e-01
1.200624768003364817e+00 -2.909681749760962832e-01
1.106409674291837675e+00 -3.844927711626936473e-01
1.271164019167517534e+00 -8.758101442162136152e-02
1.592714270415942712e+00 -8.474814420145068139e-01
1.423183146597869708e+00 -4.026249513198104646e-01
1.849611644695760670e+00 -9.669339221267811979e-01
1.379727958455156056e+00 -3.701024501942349332e-01
1.309851259526479073e+00 -4.549624193051795551e-01
1.013080119389978329e+00 -3.685370596168099366e-01
1.991653285347147362e+00 -6.450509281592453625e-02
1.386356955092913568e+00 -9.318599149608607357e-01
1.539236008653241061e+00 -6.442413295697393405e-01
1.558590340151727816e+00 -8.479335969194273792e-01
1.980896690911363889e+00 -8.555240494552578401e-01
1.820260304919506744e+00 -2.652217521795153798e-01
1.125001361377285569e+00 -4.955419721214737727e-02
1.541064697660254890e+00 -3.955731869957219704e-01
1.584070068270880816e+00 -4.709280891036512484e-01
1.850395950168302495e+00 -3.559871433481350822e-01
1.367600806486165332e+00 -5.665977425543072821e-01
1.432694511798671799e+00 -3.606824065197724583e-01
1.111549196180166899e+00 -7.155409316876497616e-01
1.308879771792797797e+00 -1.672606719636648975e-02
1.147736847136067162e+00 -3.618779447733951882e-01
1.133840626211501945e+00 -8.937476854178024732e-01
1.379153256910412351e+00 -6.063003040282073375e-01
1.251861341179370424e+00 -6.952285222400752529e-01
1.545656165382609304e+00 -4.799578319260265902e-01
1.053442599074691621e+00 -3.442068610184171318e-01
1.083967046710054394e+00 -8.504368296366704438e-02
1.831482961135747711e+00 -5.293838057943409670e-01
1.401479502287245049e+00 -2.752076052202150347e-01
1.280207098011952649e+00 -9.393887690113689182e-02
1.574969073824168841e+00 -5.950726732143171160e-01
1.308844343808767796e+00 -8.592029208954526931e-01
1.313777705899050297e+00 -1.374845095004494366e-01
1.840910493053724117e+00 -7.968651278678773320e-02
1.691953649275580007e+00 -9.457500190886217739e-01
1.619487774365802490e+00 -2.685200592288378152e-01
1.952356673564482392e+00 -2.651035373770999071e-01
1.876017093123887758e+00 -8.110266756388614384e-01
1.599078281991856088e+00 -9.339603830134090012e-01
1.226495330788357929e+00 -2.233567501152436963e-01
1.710749441743141919e+00 -8.118808041254474972e-01
1.349959840046035087e+00 -9.249903648606008222e-01
1.007653075235861451e+00 -3.778516927039726747e-01
1.342084245384395524e+00 -7.305393772456981738e-01
1.645292008290516250e+00 -1.186014559947464742e-01
1.859396579351635159e+00 -4.309180419307194754e-01
1.985354134884639077e+00 -8.790830249278082098e-01
1.086696021334978557e+00 -4.367664621476047282e-01
1.103038258231921809e+00 -2.257598066825271532e-01
1.356271319745354198e+00 -5.821339587515181879e-01
1.550756081984529189e+00 -6.721638270392543690e-01
1.144376635886114491e+00 -3.173023328758048933e-01
1.558438292136316905e+00 -3.193454033474276699e-01
1.948927578317247500e+00 -8.090551927948019806e-02
1.331213862857065999e+00 -8.382962907527714558e-01
1.092205380602683906e+00 -1.647871004847282217e-01
1.076444248354522237e+00 -2.283888375305139773e-01
1.876267324398231739e+00 -8.176517707134023372e-02
1.808802298262685015e+00 -5.808813775960752768e-02
1.908651766488797197e+00 -7.893092200381046641e-01
1.635266396209544837e+00 -2.328980247728873465e-03
1.679146664571884218e+00 -6.731425701072590861e-01
1.012808075516352879e+00 -6.800204620015090073e-01
1.992708571675425588e+00 -5.768601195176501495e-01
1.776171437145885434e+00 -5.537002612578719729e-01
1.704710586593119803e+00 -5.760710506239654638e-01
1.281762499884083972e+00 -4.611270922688882612e-01
1.968769004974368908e+00 -3.992076786170056790e-01
1.907451447462623850e+00 -1.080199683098749253e-01
1.718182650769885633e+00 -1.449881405791730860e-02
1.496458485967039120e+00 -2.629211144254849364e-01
1.523662696435464703e+00 -8.775084985099703694e-01
1.867479748345107549e+00 -2.376924695225896000e-01
1.802505509275696749e+00 -1.918950484214918539e-01
1.641747411899071807e+00 -2.498020410013273018e-01
1.786707371151796231e+00 -9.379932279317367838e-01
1.630812041966964276e+00 -7.002627945131926213e-01
1.003099815494936653e+00 -2.533137170360909574e-01
1.527790471578603482e+00 -2.033928756803415894e-01
1.678958715641400978e+00 -5.586603806119315729e-01
1.988625543483834024e+00 -8.806054753415141212e-01
1.637044173176466666e+00 -7.794163516493675115e-01
1.912284068396760128e+00 -4.322692026473103910e-01
1.747896698737959387e+00 -5.399264339776024269e-01
1.736608853529761465e+00 -9.100189459285268345e-02
1.638024244585392752e+00 -6.392579798981665729e-01
1.852550714172357171e+00 -3.092189034004882986e-01
1.696158392945777527e+00 -9.511897058849536624e-01
1.458442447104251638e+00 -4.052333654599469259e-01
1.441678899677195203e+00 -7.921126053026478209e-01
1.674705020281540779e+00 -6.627306672267333498e-01
1.720255730269080185e+00 -8.435916069912674509e-03
1.548734231801943251e+00 -4.878610833184887641e-01
1.204129795839687933e+00 -2.908847166592882783e-01
1.722028213847007549e+00 -9.058777545300007450e-01
1.126269147795556647e+00 -6.760837166928865827e-01
1.867946668424643963e+00 -8.420549563213911570e-01
1.689749411038566240e+00 -5.027994104431842137e-01
1.500363427504933345e+00 -5.581409663554997014e-01
1.015337336673162172e+00 -9.524627546651126542e-01
1.886777207600256467e+00 -2.335349064135022745e-01
1.649468759267906037e+00 -7.839024745597452659e-01
1.027812059740334849e+00 -7.745360214050678316e-01
1.126383480680069882e+00 -6.484965235555507634e-01
1.691493282697096978e+00 -4.589570548027196439e-01
1.224996997665279919e+00 -3.998777472122758692e-01
1.020160488805007315e+00 -8.893381666081806580e-01
1.208065698215728290e+00 -2.685625709938943562e-02
1.791864818663301051e+00 -9.217024348398156208e-01
1.609196462271255124e+00 -6.637451686345419155e-01
1.985371885524358060e+00 -2.747752931485234473e-01
1.576392619790683458e+00 -6.172727901861937427e-01
1.629111264187879993e+00 -9.550314107701715072e-01
1.740362589668310811e+00 -7.148292674393613710e-01
1.128677428370694624e+00 -9.843615914133003741e-01
