1.057024175867484761e-01 4.480127075198853115e-01 6.560600556187565768e-01 7.132865539215449413e-01 5.167690283368728821e-01 1.182646095563806288e-01 2.600156550836522085e-01 9.507167838244805491e-01 8.981081008802052068e-01 6.055154939432161321e-02
3.066356276663609881e-01 5.960885768131958251e-01 4.329138801056494623e-01 7.619028948081855157e-01 9.454995682861411233e-01 1.356223209531171037e-02 3.153369543822750476e-01 3.216850421036542285e-01 9.664891905548778084e-01 3.919116590582851778e-01
9.015813054758224920e-01 9.734349213722487404e-01 1.361684416954174193e-01 6.559352028717473360e-01 4.563746144303109098e-01 3.791548678650111803e-01 2.371999207711713575e-01 6.219030002342851304e-02 7.883756104385234442e-01 7.966189897713666923e-01
5.044669871277709383e-01 4.933582753546114086e-01 1.844723987015017830e-01 5.583552528115354185e-02 2.421917685083951888e-01 5.112199260568823789e-01 4.187281676810697961e-01 6.673103482658326868e-02 6.839245180576221106e-01 7.449917131774147494e-01
3.725840107493820774e-01 4.044948268601593622e-01 9.178596727055308158e-01 7.594578756442678102e-01 4.118565850716610077e-01 8.493985976911923030e-01 4.635374236082561161e-01 4.182467947828887311e-01 5.228023228682808776e-01 8.239937366899519056e-01
2.989005836488901613e-01 5.960716896455612313e-01 9.432481116152683365e-01 9.728056475615767251e-01 5.825941593634579307e-01 6.343533596646437900e-01 3.663169764561432507e-01 5.568944458410519660e-01 6.893989359760327451e-01 7.897740080380325489e-01
8.208210460863164526e-01 9.860998173654080823e-01 7.302245167591213670e-01 9.465269770973298025e-01 9.338122195901069622e-01 3.226843813625597246e-01 6.845526661486091013e-01 6.606915720019663762e-01 5.201377278350572952e-01 3.015682375578458974e-01
9.048555660398619471e-01 7.652201119798650586e-01 4.796734820077820372e-01 3.039743032305477488e-01 6.985041578802440032e-01 4.361113953005372190e-01 2.692963938607587648e-01 6.814918664189771880e-01 7.890425647213916704e-02 4.031886011079230947e-01
1.432565688202691589e-02 1.454486631646605410e-01 2.437504994363803856e-02 9.292906003382402913e-01 4.714614996131426539e-01 6.643471859746280517e-01 8.543080377350067423e-01 4.917900844008183947e-01 8.840031859835616457e-01 3.921354069867486469e-01
4.634231030624403891e-01 4.055987783146797199e-02 4.983951911592507944e-01 3.736485179539956736e-01 9.435161651540782124e-01 4.530186596527404630e-01 7.478121160113528898e-01 5.109547501545228521e-01 3.139652199711318037e-01 7.243695319753920003e-01
1.361730253950369507e-01 9.940859791368938936e-02 4.840835057399263119e-01 9.382420701593702228e-01 6.091596583389962127e-01 6.179500110691225068e-01 4.680806496133734784e-01 6.471646860940100110e-01 6.735447770701695758e-01 2.199464165445230712e-02
1.094267203082712747e-01 2.237753082574457375e-01 4.140407335740781125e-01 7.256681993144132869e-01 1.617506115289287782e-01 2.656159310547671071e-01 5.465747664695319585e-03 8.490522777024465118e-01 2.996433285690861537e-01 2.538043903892008846e-01
9.473636029110366064e-01 2.290783680576541359e-01 5.008753820821819636e-01 5.639537726108935223e-01 6.652799955325359171e-01 2.491431473539683639e-01 6.555652999883904153e-01 3.261958925378753982e-01 1.049669088943752104e-01 2.954390227920351553e-01
7.831911323126513613e-01 3.641129231474485861e-01 2.908031842092123620e-01 6.304037496686768494e-01 4.964883528902097609e-02 1.081654433745257160e-01 6.167600424885423260e-01 3.763334486805025580e-01 6.754502227258271096e-01 6.373830159036379950e-01
9.466696692601046514e-01 9.616425493745638375e-01 1.006584137083174069e-01 2.992722060854984267e-01 9.311071141516069627e-01 3.776935064972670730e-01 2.276296609811634397e-02 6.830080465625217867e-01 6.420183328281592328e-02 3.468498133957863550e-01
8.325727046908715234e-01 2.232173787025486522e-01 1.694336925516829462e-01 6.808318608530010696e-01 4.120838504674294578e-01 2.817773544287334175e-01 1.478243423034329984e-01 1.065531265567090102e-01 6.445763923452573207e-01 7.834316212428017456e-01
1.024398570270803610e-01 8.941292632716580924e-01 2.126505805628522427e-01 2.443497973308726978e-01 2.177194740723388255e-01 5.813073683567774319e-01 3.810490229005308871e-01 5.288938978792722123e-01 7.689098814571465601e-01 6.102038610840599953e-01
3.318104269833241915e-01 2.247408735601620355e-01 6.080672423474849930e-01 6.189031417776393873e-01 5.656245916822687514e-01 3.857495017027369189e-01 6.541500330909263417e-01 1.338531785033374444e-01 3.986249226285213387e-01 4.441950424994238755e-01
6.682101831484007493e-01 7.324054575262451960e-01 8.699663310063404653e-01 2.753866050962578971e-01 2.798650932209392206e-01 3.372229654435626722e-01 5.020018037236735342e-01 2.452873096540932885e-01 8.320314656349879767e-01 4.207233144535684755e-01
9.527669672815075597e-01 6.534578704791487169e-01 5.853065446368904690e-01 7.233673239553950474e-02 3.944599904775947241e-02 3.965452271367713166e-01 9.309965151836744335e-01 9.012327001542309590e-01 9.435980845144272822e-01 2.344853933508562749e-01
5.061133384491532938e-01 9.432306380409176683e-01 5.974283689927760710e-01 9.110810308672114832e-01 1.882194756918874612e-01 7.105395445506876850e-01 6.011182603480758058e-02 6.011732679059799134e-01 1.786899779347461692e-01 9.275494115158927633e-01
4.897180937007536983e-01 6.107027205888696519e-01 4.492589875674655175e-01 9.248615704209252053e-01 1.432662609819559396e-01 1.300986254202918246e-01 7.399180365493228662e-01 6.735874627911631052e-02 5.578766174610405582e-02 7.349487940216672399e-01
5.782039783258478005e-01 8.152755025942147737e-01 5.657936308938391612e-01 1.018669306991927259e-01 3.026512041971066713e-01 1.600846996017281088e-01 2.850327086471391436e-01 3.454272866575279766e-01 9.139843216592220543e-01 9.952714907821065271e-01
3.529095837192109952e-01 2.757577142597089637e-01 2.063166113720373840e-01 9.062144030417692564e-01 3.349910521981025457e-01 7.240073745461126364e-01 5.380565738877789439e-01 4.060973025537139014e-01 9.078888514395159204e-01 1.413264569759489220e-01
5.528544119186215022e-01 3.822515423348493702e-02 7.444326939865756332e-01 9.129006912308493815e-01 1.717825825600354239e-01 9.145250143258557562e-01 3.236757487937423905e-01 8.678238692061507331e-01 2.668349812893707762e-01 3.316820154556331390e-01
5.991321596079279832e-01 1.829337399443020651e-01 3.513677057411893623e-01 8.077088597312109819e-02 7.453272935673943556e-01 8.764605218377752305e-01 3.708903305639931203e-01 2.973113301514604956e-01 8.529347380914381604e-01 3.178578112125995947e-01
7.376192628382994831e-01 7.429385274466189237e-01 9.429691948118733569e-01 2.970511209670778641e-01 9.571416269391028742e-01 1.504598073948104631e-01 5.232443665769691554e-01 7.878447609001145713e-01 4.380961135078523805e-01 1.353203022247956300e-01
7.311891816039913783e-01 4.899030605058602994e-01 4.306931118670626057e-01 5.792298834789199047e-01 7.386546215962147555e-01 6.835075722812813392e-01 7.920317031057089174e-01 8.535153799657543283e-01 9.048954122460474148e-01 2.420143525572094889e-01
5.913079824624715153e-01 6.966326354303326029e-01 5.384468232016187406e-01 8.409728473699334961e-01 6.061089766051800387e-01 4.762365161838291172e-01 2.211899389405882488e-01 8.073872639658986605e-01 8.029366656609192576e-01 2.542461035243700485e-01
4.161910816113280065e-01 1.694742487793576835e-01 9.773846293263280804e-01 9.985065318359058750e-01 8.246476607828834293e-02 1.525410159170940139e-01 1.726058833551533667e-01 8.922775749760181174e-02 2.043588921380233847e-01 4.811090933042305728e-02
4.396498642199619944e-01 4.188384689553034113e-01 9.569481408816516987e-01 3.730163619897868266e-01 1.511007462317478511e-01 6.197222881812759487e-01 5.382332140138246235e-02 9.206766415520973856e-01 3.959683058918289644e-01 2.915505040120652813e-01
6.491870915339967851e-01 7.365374525743593193e-01 7.844998776340874613e-01 1.167580418397700104e-01 9.571324223901251926e-01 9.122238349240756605e-01 7.643083194241845346e-01 8.716631458808075106e-01 5.225304969865103288e-01 9.626806556911385870e-01
2.563943564091630822e-01 5.887490932090108098e-01 5.529183493286670137e-01 7.944163323886047623e-01 3.032880278550298403e-02 5.354799587121661375e-01 2.518026064047851342e-01 4.211452982158092606e-01 1.889929064688483651e-01 5.245450229235115724e-01
8.312105244965589668e-01 9.037450450446882222e-01 1.873367911983189193e-01 8.918191868618167151e-01 2.065918251328234811e-01 2.621484336126050918e-01 1.410437082099101902e-01 7.300012781929465788e-02 9.829322692626385471e-01 7.222563726693080888e-01
3.296133737835438282e-03 4.249811668693416200e-01 8.998182516806876308e-01 2.114783795136163658e-01 4.731934348601384288e-01 2.620267775307528746e-01 4.822840363819190790e-01 7.830446160803379296e-01 4.912803698820054077e-01 7.738877922155393829e-01
6.356177717546652728e-01 2.810337146569052980e-02 9.882737429061815293e-01 9.521837021844712368e-01 1.465417010578924373e-01 3.042287336224334116e-01 4.530214276401178797e-02 2.099540301292387445e-01 5.190026773144158501e-01 9.031440421362829651e-01
1.782112440736133285e-01 5.550026799713807524e-01 4.564093664418276131e-01 4.033057385372921244e-01 1.737065869578676702e-01 5.965003699917602598e-01 9.100760035246003854e-01 8.204370668335788652e-01 3.552690679736527635e-01 1.301041588875074817e-01
4.531993167336878514e-01 5.684649310895619756e-01 3.795251837909453529e-01 1.808286980572827440e-01 4.041660333369530012e-01 7.709057961697763917e-01 7.679564774619227485e-01 2.049145091444104505e-02 4.947112849627881559e-01 1.094327695632635322e-01
7.837969561747846203e-01 9.438133377971544835e-01 8.367894087555688420e-01 1.499634054557050789e-01 3.100851002286257874e-01 3.454856289490493282e-01 1.766068143567476323e-01 4.823142240765155853e-01 2.537799069137891550e-02 1.796466663068737590e-01
4.668000321434998545e-01 5.091185590240158154e-01 2.464272048246595181e-01 6.361755585014013947e-01 7.214254752341873189e-01 7.115130773230460282e-01 3.458630864045458830e-01 4.568212492381440448e-02 2.798084679136312314e-01 4.035537302845548790e-01
3.277514979106661563e-01 2.087038387428246100e-01 5.466701746464589506e-01 5.789129918896112059e-01 5.668657301787143332e-01 5.624860461589387128e-03 1.524270750857987800e-01 6.279851661670250440e-01 3.741767607631532044e-01 4.554299219613808791e-01
4.500712973501111991e-01 7.678331837031371343e-01 6.743176670524819727e-02 2.708232724848151918e-01 3.746423727058261210e-01 5.075373742076705330e-01 6.438326288482192350e-01 7.200394495866865308e-01 4.997913451843682964e-02 8.011106958361505770e-01
1.090391034849064189e-01 4.671187613312557385e-01 9.675244896917104542e-01 5.339216149014039958e-01 6.483838309196751082e-01 5.707390399914109569e-01 4.861774922501237439e-01 8.644053127914892443e-01 1.659560118050169564e-01 2.786932382259378338e-01
7.385609513611806065e-01 2.490996720548361854e-01 3.294954575149887654e-01 9.281189261161826298e-01 9.104868910967729434e-01 5.062922834409200323e-02 3.957550572872955419e-01 4.793916406969978006e-01 6.569284098720796772e-01 5.870295977552986155e-02
3.014200924034253770e-01 6.957244956845937134e-01 7.891242943137364296e-01 4.876884236851471988e-01 1.766138566687801559e-01 6.178661564350331759e-01 6.053019527681081646e-01 2.924352669189811404e-01 4.761529755344193759e-01 7.088847078960025527e-01
2.072221953655984938e-01 4.084910275704780602e-01 2.106833154149018172e-01 3.382506956622663985e-01 2.647197700895885797e-01 8.415213403655895652e-01 3.400435182389003330e-01 2.286727505842415242e-01 3.799339231203480161e-01 6.160213659135428399e-01
6.693017983563122053e-01 1.251473191402405760e-01 6.410425678951601203e-01 6.556453794700374260e-01 4.207113980185398505e-01 6.923555696686248817e-01 6.398744702973498955e-01 8.885445967593335048e-01 4.345624862347051698e-01 8.835607447682015669e-01
1.640068995897727699e-01 6.931900180358387953e-01 3.028462335499219060e-01 3.464481668994575658e-01 5.054016912344797552e-01 8.901906228208684713e-01 1.784327103578555729e-01 4.352523158452511476e-01 3.106104403581009255e-01 4.314502708043865820e-02
3.919283647389746328e-01 1.438424486249492151e-01 8.591501827005468828e-01 3.732118582408121554e-01 3.404610872291610191e-01 1.455400723502456861e-01 4.908285694160946511e-01 9.792101064724373360e-01 3.343502091664086739e-01 2.656887165250373384e-01
3.035115927348962517e-01 6.063702014598041368e-01 3.417296934873659264e-02 5.433359628954116394e-01 5.262239786329337976e-01 1.628360998975808549e-01 7.671383793145725161e-02 8.154458412760898778e-01 6.845679625241335442e-01 2.409346359511292945e-01
2.690449240277387188e-01 8.872412546877418427e-01 5.103766683552114491e-01 7.853450610886281158e-01 5.258571033915804271e-03 8.599634888657207155e-01 9.151802172860799001e-01 2.443700898201475180e-01 7.625649294348092466e-01 8.790750947618717337e-01
9.028755686084737331e-01 3.771849299483600593e-01 4.023923747107044369e-01 2.495032620597514850e-02 9.064551266663680718e-01 4.785121157070596487e-01 5.624320931136262969e-01 1.798732876884048260e-01 9.745879972308461037e-01 6.810573443558110007e-01
6.652091674162440293e-01 1.170763535837419100e-01 9.226422154799280850e-01 5.526880285226487555e-01 5.062352105464966723e-01 9.657072014123704307e-01 8.671755465403374608e-02 7.854909018754353545e-01 9.894052789011273941e-01 6.361543838714766030e-01
4.003934904843753362e-01 1.860137695001559122e-01 3.563298036676586511e-01 2.716747829791029689e-01 1.819577244757163426e-01 4.860495998173898213e-01 7.635062864848171094e-01 1.297001288518263573e-01 6.004215922646061188e-02 9.045767409260869751e-01
9.455174120081153433e-01 1.206564129505522942e-01 8.426801262182554986e-01 5.303842988837128569e-01 8.889552914120625315e-01 4.878490225462805974e-02 6.090777488799711259e-01 2.513121684622579011e-01 9.171749498499668363e-01 9.149146470299299727e-01
2.140484702781313420e-01 8.188481956354501934e-01 2.421542748433186398e-01 5.920420391226741685e-01 2.246271031832706155e-01 2.883793383777305541e-01 1.353082733923811620e-01 5.063609025969303401e-01 4.946706010844241774e-01 4.080710216529958023e-01
6.932826728153974605e-01 2.687998161148937859e-01 9.700438107368453133e-01 2.345235388075433969e-01 5.685392428480131599e-01 1.770777985725316972e-01 5.080047650504858625e-01 7.081277138054099529e-01 6.194785319195252882e-01 5.431699465910883040e-01
1.920105786021852889e-02 4.661080535292972948e-01 9.957066938371188503e-01 5.692763968906278116e-03 8.129340892359132598e-01 3.099014202542826890e-02 8.396414643636479491e-01 1.586496417846976481e-01 9.347681836230277153e-01 6.826980783461249480e-01
8.474498592829836641e-01 2.039399161652430958e-01 5.717947974335475525e-01 8.897874538393264476e-01 9.446649515129592611e-01 9.940541652966305985e-02 9.872511937403013471e-01 2.665591912948109821e-01 3.994279809304529527e-01 2.430013501423502476e-01
5.772228922497684156e-01 6.515076789656882861e-01 4.461884200690702240e-02 2.443726865472728438e-02 4.060537873544767251e-02 5.847868325567118220e-01 3.193547326198553638e-02 1.486782694422791318e-01 7.273448969931174402e-01 3.146094041242929462e-01
2.770682815859359938e-01 1.762807807755096823e-01 1.183940811070539612e-01 6.072694591387586271e-01 7.298999759206256099e-01 1.841565841517180946e-01 2.272409216499990947e-01 4.617343092480837852e-01 6.334743247669609723e-01 4.519423132411699573e-01
4.524069141804966110e-01 6.733967541931947798e-01 4.827459253668264783e-02 1.726528000890087400e-01 3.569079834015059793e-01 1.319760262436611153e-01 7.237569404974361076e-01 9.399247541117298210e-01 3.043258805541623202e-01 8.169268637159781132e-01
9.304470900690273716e-01 8.023200994753777460e-01 1.139105773281610112e-01 5.473794529057168790e-01 1.227260820782357653e-01 7.993515701745590452e-01 3.614032732534576686e-01 8.901499346897049358e-01 2.299343911653246586e-01 4.669478732889995598e-01
1.092084526699177438e-01 5.994611364721474933e-01 6.732757670698097385e-02 6.791867492642548187e-01 4.695180140277245284e-01 8.719166001663777310e-01 2.616252089884109067e-01 2.365892236586280006e-01 5.922444353934778194e-01 9.916632785060635058e-01
3.231513071485017097e-01 2.333208188607546196e-01 4.307336873324719706e-01 6.403039772613191571e-01 1.123108280849406393e-01 5.492017190890881029e-01 8.387732754308384608e-01 7.150379688099719466e-01 6.014933012692439407e-01 6.226408978086215296e-01
1.081051645276972506e-01 5.184786030964034786e-01 4.880345331687263588e-01 9.218318636926926546e-01 6.486056901289182219e-01 6.202983420137557768e-01 1.350280253717738299e-01 6.608093500687196586e-01 6.346486780468987288e-01 7.775467354755913885e-01
6.553828607792807626e-01 8.300599857203105891e-03 5.417382758355719918e-01 4.219749181313251496e-01 6.862485765247197111e-01 9.492734312065208568e-01 6.357302940559693694e-01 5.895031020452539128e-01 9.472402558366472825e-01 9.581651851281749455e-01
2.548748352051806165e-01 3.267675748007363712e-01 4.563984674336989400e-01 3.761906094341702644e-01 1.653147201263377442e-01 4.381271622190141546e-02 9.999161174240752681e-01 3.103253261835117183e-01 4.805470543080050394e-01 2.032468006016918682e-01
1.666410822922493873e-01 9.680482201600775216e-01 6.576505490534617637e-01 8.741026009357621973e-02 2.235348350213899327e-01 9.568295319653000730e-01 5.721119023220474498e-01 2.644340880018513085e-01 9.337527415816049281e-02 1.009072010868189428e-01
2.234545179080289490e-01 6.314339244666217210e-01 6.927197559017024275e-01 3.415988723674938665e-01 7.175439432659294070e-01 9.283520019449037486e-01 1.995492798050165772e-01 8.473191270503425132e-01 4.059058301423341675e-01 4.839321183357568890e-01
3.929713618193926283e-01 1.874917294138321866e-01 7.524038307048699359e-01 7.187361842391376543e-01 3.367177573729374096e-02 9.771356185362786162e-01 9.882789777977900592e-01 2.149102088371276364e-01 8.056419174130841077e-01 8.665465745930452934e-01
8.828977835522380246e-01 6.108374280232220510e-02 3.332845896300257182e-01 6.629467678042125778e-01 8.717201609209483948e-01 1.751830612685998378e-01 9.755258943395209714e-01 3.023172470513993959e-01 1.564633105086584708e-01 8.045185767479301475e-02
2.904939720387831326e-01 3.692125173440499175e-01 5.753228603605134994e-01 1.757892498980941909e-01 8.517181754136471383e-02 6.622504123502455098e-01 7.964372172115041781e-02 8.316334139955550153e-01 9.764571902211430787e-01 2.826604224051199044e-02
4.473735648128857045e-01 9.125497452306852164e-01 7.068718380908083354e-01 2.453443164096031914e-01 6.864689479615784240e-01 3.907952967558794288e-01 5.715807061421942503e-01 9.132974538435185696e-01 8.937340635027358760e-01 6.868487480306525450e-01
1.915734755254469013e-01 4.108957404908764044e-02 2.479140253320469833e-01 7.838077516932645539e-01 9.697148616921877906e-01 9.993366155198317724e-01 7.434095811157906963e-01 8.322387207182387892e-01 5.937685720223222496e-01 8.300593736576739046e-01
4.891039677873902924e-01 6.530821177231358465e-01 3.362091202041238569e-01 9.107297349363552286e-03 4.927417448438020653e-02 6.908513775934683743e-01 8.720567920096492509e-01 6.145501764165772762e-01 7.844596422286649329e-01 7.686499481083907126e-01
5.401890670557182306e-01 4.224831489017554231e-01 7.299453597465862531e-01 6.925513223555311848e-01 2.982730364604457840e-01 9.555602427797693643e-02 6.563650588369822625e-01 6.923468691757691529e-01 8.641587627415571182e-01 4.913769751944964126e-01
4.713457279852985016e-01 6.246403997594175417e-01 7.380809554618898982e-01 6.263249495958237434e-01 1.455652520967976038e-01 6.117857520395314497e-01 6.381284001357301339e-02 2.442308054622210900e-01 8.298054647024888375e-01 7.363443888814095173e-01
8.481983648416245858e-01 2.304202916726816319e-01 8.510432742084755864e-01 3.399129494875622326e-01 2.777294266895632413e-01 5.530483781753744443e-01 8.303390582772027795e-01 6.310756467029744465e-01 7.040759017997425540e-01 3.028102899846537577e-01
7.985791360230395375e-01 3.975333756620700321e-01 8.971298357111282540e-01 2.765443020610639513e-01 6.223056822188089976e-01 3.094028067347374122e-01 9.474253935642962254e-02 8.093300822269255956e-01 3.380136731633877067e-01 1.255281234319745032e-01
7.061074388123520507e-01 1.906398178453209136e-01 1.391345989620826895e-01 5.923327705052346959e-01 2.189745766278969885e-01 8.649772863595133199e-01 4.352090156571600810e-01 5.597354820202782300e-02 7.713977170791014304e-01 4.469326558264130611e-02
6.767634397723081285e-01 3.668824110035684427e-02 1.904114285679188168e-01 4.366756506234964474e-01 4.842024955389615526e-01 3.666080604242687446e-01 2.711818986946921139e-01 1.422473536298227703e-01 6.376350070330634168e-01 5.796921254573513815e-01
3.010112712214784159e-01 1.053618271892592384e-01 4.208053499760587846e-01 8.832125578497891372e-01 3.678573461635774589e-01 9.429215983859404737e-01 3.250428486311771614e-01 6.346870208275862124e-01 3.243082193421532589e-01 9.742081335044748824e-01
5.153355162208342888e-01 9.751595334072550303e-01 9.241471534796934506e-01 6.451616960803373546e-01 1.272423210648025993e-01 2.026113305366151751e-01 5.822052420485858137e-01 5.644149362779582457e-02 5.187742245913106176e-01 9.456919482388328468e-01
9.430886769406277015e-01 7.946890745676764567e-01 9.728604849070613403e-01 8.639333052841420280e-01 9.240583343909780645e-01 8.555235248321333419e-01 5.297986743988695180e-01 6.445449923726013219e-01 8.961884464084421964e-01 4.216204913798354825e-01
5.129690183207467058e-01 9.334169504318086119e-01 4.824014250160983952e-01 4.661507532669743048e-01 8.069284856809753048e-01 9.733125510254932999e-01 3.352901904283654977e-01 9.049427421762963331e-01 6.981505117194779508e-01 1.645997509969960859e-01
7.353572119438572807e-01 3.687674936795762859e-01 8.271113216531488233e-01 5.770455013574443681e-01 7.474232874836366225e-01 7.864731579561623498e-01 2.527108193890774679e-01 1.843519884376789708e-01 9.481027133496355841e-01 2.034507250141946999e-01
8.107971849890149851e-02 8.188113952356379510e-02 9.886549263133767029e-01 3.177431381156279322e-01 8.467956007810353292e-01 1.570593645323156151e-01 5.428827599828356387e-02 3.369096944929528270e-02 7.002710993358929326e-01 8.225941113378824054e-01
8.694078911181917224e-01 8.474803116868079300e-01 4.076740566637981900e-02 7.963967999594045999e-02 2.769913238275899525e-01 1.824718963326651400e-01 5.999068830633380589e-01 3.364114141074742159e-01 2.458539198368970835e-01 5.086377126720520447e-01
4.549953562543863628e-01 2.632144589446974159e-01 5.736421016664161598e-03 6.972684280415216707e-01 7.537450082211912816e-01 9.058171234553802353e-01 9.970297698095147432e-01 7.367068276282806583e-01 7.558501166736193433e-01 6.293834420223809456e-02
8.504716110395323936e-01 8.900434168780932964e-01 6.691178931224062154e-01 8.710165205568473068e-01 3.122218536586364168e-01 9.815082883648466039e-01 6.934507218031593645e-02 3.584496606853284639e-01 1.570488184148540745e-01 3.187613224577514615e-01
4.649688700086498372e-01 8.213946596951612333e-01 1.021872497942097890e-01 1.977777538012559511e-01 3.613222901813276655e-01 9.918618839891873984e-01 6.723438561666705837e-02 7.526150145769465727e-01 3.594089102721642615e-01 8.906277755345518576e-01
6.818597835325588274e-01 4.964521658297148532e-01 9.199797581200670482e-01 6.146231574530801600e-01 9.611672587061339534e-01 3.835802081081018944e-01 1.054977431622629025e-01 9.280071215252575501e-01 4.100367787917423845e-01 2.495684684923609176e-01
3.704516647314156641e-01 4.632743652255376654e-01 2.152889211438624439e-01 5.911871672313073756e-02 9.554603799908492068e-01 3.321241965238064253e-01 8.184550290869673228e-01 9.307852344837923564e-01 5.699371108635788996e-01 6.681204926628077079e-01
7.913890344856161496e-01 4.264987664321564509e-01 3.269202249833206286e-01 4.673648658257760768e-01 5.823293083586839058e-01 4.699280251952998588e-01 4.253471818803267190e-02 7.084545478844872513e-02 4.268866357072667039e-01 8.739324203011785697e-01
7.768935361010302909e-01 6.591885058492249483e-01 2.261456133482170339e-01 7.545081571590412928e-01 8.249901701665166565e-01 9.083149434562419744e-01 5.744028786436441436e-01 1.860973770549947393e-01 6.180470098261969802e-01 8.446902996675115238e-01
5.498637776829314872e-01 5.017580439168003448e-01 1.981699966744338015e-01 9.608478042199036784e-01 1.393784817397605291e-01 2.423308459237604184e-01 7.457477295142094231e-01 5.828782602804345458e-01 9.490582989031057792e-01 1.159130336554592411e-02
5.766213468564149736e-01 5.528420622082057534e-01 9.134013707092466516e-01 9.199700444207714600e-01 3.769962506278818903e-01 8.616382572602215850e-01 8.573883218026583375e-01 4.042058025926894560e-01 6.138582416400848452e-01 5.939303443443078034e-01
8.499234559211298334e-01 6.166542749029664261e-01 4.930993037695636794e-01 8.688825524849457249e-01 2.870087486682678657e-01 7.867854241977372265e-01 8.240773756017111262e-01 9.512340356846642475e-01 2.524193849452236460e-01 2.029100966683224927e-01
4.538628291324608988e-02 3.686438332881816216e-01 2.089032397807445429e-01 1.545003639939686035e-01 3.634860725209986265e-01 7.545472606653935710e-02 3.855909637239329779e-02 6.030179877308348146e-01 1.021397061946531792e-01 3.887838666779269703e-01
